Paste of run from console------------------


Arab World
  0.0 0.0 0.0 0.0 0.0 0.0 0.0 0.0 0.0 0.0 0.0 0.0 0.0 0.0 0.0 0.0 0.0 0.0 0.0 0.
0 0.0 0.0 0.001365523 0.002032515 0.002740589 0.00448781 0.011380109 0.017361085
 0.019766805 0.028727652 0.038825634 0.056061866 0.063570087 0.081298004 0.10501
2027 0.197623255 0.355462105 0.611174873 0.935105895 1.490951415 3.178495929 5.7
46610803 8.526644585 11.59638248 16.83769437 26.79003996 38.84567204 52.5371804 
62.92096882 76.15636661 87.62881811 98.79066839 105.0998729

Indonesia
  0.0 0.0 0.0 0.0 0.0 0.0 0.0 0.0 0.0 0.0 0.0 0.0 0.0 0.0 0.0 0.0 0.0 0.0 0.0 0.
0 0.0 0.0 0.0 0.0 0.001099953 0.001248931 0.002733271 0.003739372 0.00522915 0.0
07368035 0.010130254 0.013492764 0.019222694 0.028421554 0.040831947 0.108515907
 0.285399813 0.457970991 0.525057963 1.078418633 1.756173957 3.076348345 5.44089
1607 8.478396795 13.70874711 20.89708826 28.01943927 40.43198063 60.01372486 68.
9204184 87.79014493 102.4626496 114.218131

Bangladesh
  0.0 0.0 0.0 0.0 0.0 0.0 0.0 0.0 0.0 0.0 0.0 0.0 0.0 0.0 0.0 0.0 0.0 0.0 0.0 0.
0 0.0 0.0 0.0 0.0 0.0 0.0 0.0 0.0 0.0 0.0 0.0 0.0 2.22359E-4 4.3517E-4 9.40619E-
4 0.0020856 0.00326795 0.020809104 0.058833439 0.114644643 0.210751714 0.3859585
23 0.784635571 0.980702181 1.969454675 6.28776238 13.20573922 23.46762823 30.168
28408 34.35334451 44.94535882 55.19256723 62.82023906

Please enter a valid year. The starting year is less than 1960
Starting from 1960 total number of subscriptions 
Andorra (1958 to 2012): 1005.32 
 
Please enter a valid year. The end year is greater than 2012
Total number of subscriptions till 2012
Antigua and Barbuda (1960 to 2013): 1468.71 
 
Brunei Darussalam (1960 to 2012): 1088.88 
 
Japan (1980 to 2000): 207.13 
 
Aruba (1960 to 2012): 1170.50 
 
Hungary (1960 to 2012): 1246.58 
 
Singapore (1960 to 2012): 1582.80 
 
